
1 0 2 -1 
3 0 0 5 
2 1 4 3 
1 0 5 0 

25 5 0 -10 
15 -15 30 -30 
-5 -1 0 8 
-15 3 0 6 

0.833333 0.166667 0 -0.333333 
0.5 -0.5 1 -1 
-0.166667 -0.0333333 0 0.266667 
-0.5 0.1 0 0.2 

2 0 2 -1 
3 0 0 5 
1 1 4 3 
0 0 5 0 

1 2 2 -1 
3 3 0 5 
2 1 4 3 
1 0 5 0 

1 0 2 -1 
3 0 3 5 
2 1 1 3 
1 0 0 0 

1 0 2 2 
3 0 0 3 
2 1 4 1 
1 0 5 0 

1 0 2 -1 
3 0 0 5 
2 1 4 3 
1 0 5 0 
X1 : 65/30
X2 : 15/30
X3 : -13/30
X4 : -21/30

1 0 2 -1 
3 0 0 5 
2 1 4 3 
1 0 5 0 

25 5 0 -10 
15 -15 30 -30 
-5 -1 0 8 
-15 3 0 6 

0.833333 0.166667 0 -0.333333 
0.5 -0.5 1 -1 
-0.166667 -0.0333333 0 0.266667 
-0.5 0.1 0 0.2 
2.16667 0.5 -0.433333 -0.7 
1 0 2 -1 
3 0 0 5 
2 1 4 3 
1 0 5 0 

25 5 0 -10 
15 -15 30 -30 
-5 -1 0 8 
-15 3 0 6 

0.833333 0.166667 0 -0.333333 
0.5 -0.5 1 -1 
-0.166667 -0.0333333 0 0.266667 
-0.5 0.1 0 0.2 

MATRIX BALIKAN : 2.16667 0.5 -0.433333 -0.7 

1 0 2 -1 
3 0 0 5 
2 1 4 3 
1 0 5 0 


25 5 0 -10 
15 -15 30 -30 
-5 -1 0 8 
-15 3 0 6 


0.833333 0.166667 0 -0.333333 
0.5 -0.5 1 -1 
-0.166667 -0.0333333 0 0.266667 
-0.5 0.1 0 0.2 

MATRIX BALIKAN : 2.16667 0.5 -0.433333 -0.7 
Solusinya adalah : 
x1=nan x2=nan x3=nan x4=nan 
Solusinya adalah : 
x1=nan x2=nan x3=nan x4=-inf x5=nan Solusi Banyak 
Solusi Banyak 
1 0 2 -1 
3 0 0 5 
2 1 4 3 
1 0 5 0 


1 0 2 -1 
nan nan -inf inf 
2 1 4 3 
1 0 5 0 


temp : 1
coba : nan nan nan nan 
HASIL : 
1 0 2 -1 
nan nan -inf inf 
nan nan nan nan 
1 0 5 0 

Solusinya adalah : 
Determinannya adalah 0

2 0 2 -1 
3 0 0 5 
1 1 4 3 
4 0 5 0 

1 2 2 -1 
3 3 0 5 
2 1 4 3 
1 4 5 0 

1 0 2 -1 
3 0 3 5 
2 1 1 3 
1 0 4 0 

1 0 2 2 
3 0 0 3 
2 1 4 1 
1 0 5 4 

1 0 2 -1 
3 0 0 5 
2 1 4 3 
1 0 5 0 

X1 : 25/30
X2 : -105/30
X3 : 19/30
X4 : 3/30
